constructioncode
5000
5050
5051
5052
5053
5054
5055
5056
5057
5100
5101
5102
5103
5104
5105
5106
5107
5108
5109
5110
5150
5151
5152
5153
5154
5155
5156
5157
5158
5159
5200
5201
5202
5203
5204
5205
5206
5207
5208
5209
5251
5252
5253
5254
5255
5256
5257
5258
5259
5260
5261
5262
5263
5264
5265
5301
5302
5303
5304
5305
5306
5350
5351
5352
5353
5400
5401
5402
5403
5404
5405
5406
5407
5408
5409
5410
5451
5452
5453
5501
5502
5550
5551
5552
5553
5554
5555
5556
5557
5600
5601
5602
5603
5604
5605
5606
5607
5608
5609
5610
5611
5612
5613
5614
5650
5651
5652
5653
5654
5655
5656
5657
5658
5659
5660
5661
5662
5701
5702
5703
5751
5752
5753
5754
5755
5801
5802
5803
5804
5805
5806
5807
5850
5851
5852
5853
5854
5855
5856
5857
5858
5859
5860
5861
5862
5863
5864
5865
5866
5867
5868
5869
5870
5871
5872
5873
5874
5875
5900
5901
5902
5951
5952
5953
5954
5955
5956
5957
5958
5959
5960
6000
6051
6052
6053
6054
6055
6056
6100
6101
6102
6103
6104
6105
6106
6150
6151
6152
6153
6154
6155
6156
7000
7001
7002
7003
7004
7005
7006
7007
7008
7009
7010
7011
7012
7013
